25
3 10
2 2 1
1 1 1
2 1 2
1 1 1
1 3 2 2 2
1 1 1
2 2 1 1
1 3 2 2 2
2 1 2
1 0
2 1 2
1 20
4
13 1 10
1 1 13
11 1 1
15 2 16 11
10 3 17 5 15
5 2 15 10
19 2 11 5
14 2 16 19
20 1 14
8 1 20
12 2 13 8
6 1 12
7 1 6
2 1 7
17 1 2
3 1 17
18 1 3
16 1 18
9 3 12 12 16
4 1 9
1 15
2
3 2 1 1
3 3 2 1 1
1 4 2 3 3 2
1 1 2
1 1 2
2 2 1 1
2 0
1 1 2
2 2 2 3
1 2 2 3
3 2 3 1
3 1 2
1 1 3
1 0
1 0
1 4
1
1 0
1 2 1 3
2 0
3 1 2
1 15
3
1 2 1 1
3 1 2
2 1 1
3 2 1 3
2 2 3 3
3 0
1 2 2 1
1 5 1 3 2 3 2
2 0
1 1 1
1 0
1 2 3 3
3 1 1
1 0
2 1 3
2 20
2 1
3 0
3 2 1 4
3 1 4
3 2 4 4
1 2 1 4
4 3 2 1 4
3 3 4 2 2
4 3 1 2 2
1 2 3 4
1 2 1 4
4 0
2 3 4 2 1
4 1 1
1 0
4 0
3 2 1 1
1 2 2 4
4 3 2 4 1
2 4 1 3 1 2
1 3 3 4 4
1 1
2
1 1 1
3 3
1 1 1
1 0
1 0
1 0
1 2
2
2 0
2 1 2
1 20
12
5 1 13
14 1 8
19 2 5 15
17 3 10 2 7
4 2 9 19
11 2 6 1
8 1 18
6 3 6 15 13
15 3 16 2 2
18 4 12 9 16 19
1 4 17 8 2 20
3 1 5
12 1 17
9 2 3 3
16 1 4
10 2 7 6
13 1 16
2 1 14
20 2 4 10
7 2 11 11
20 15
1 1 4 2 3 4 1 5 5 3 3 4 2 3 1 4 1 2 5 2
1 2 3 3
3 2 5 4
2 3 3 2 4
5 0
1 0
1 0
4 0
3 2 1 3
1 2 4 1
2 1 1
5 0
1 0
4 4 5 2 1 1
5 1 4
4 3 4 3 2
4 20
1 4 4 2
4 0
4 4 1 1 4 3
2 1 4
2 2 3 3
4 3 4 3 1
1 1 2
1 1 4
3 2 1 3
4 0
1 0
2 2 4 1
4 1 4
1 0
2 0
4 2 4 2
4 1 4
3 0
2 0
3 3 3 2 2
3 3 1 4 1
23 5
1 3 1 3 4 2 3 2 3 2 1 1 3 3 1 1 4 3 2 1 3 3 4
1 2 2 4
3 1 4
2 0
4 2 2 3
4 1 1
1 1
2
2 3 1 2 3
10 20
1 2 3 4 5 6 7 8 9 10
7 0
9 1 9
8 1 8
5 0
6 0
4 1 4
8 0
2 1 2
7 1 7
3 0
1 1 1
3 1 3
4 0
10 1 10
6 1 6
5 1 5
1 0
9 0
2 0
10 0
2 13
2 2
2 1 2
2 1 2
2 1 2
2 0
2 0
2 1 2
2 0
2 0
2 0
2 3 2 2 2
2 1 2
2 0
2 2 2 2
1 1
2
1 3 1 2 3
1 1
2
2 0
2 20
1 3
3 0
2 2 2 3
3 0
1 2 1 2
3 2 3 2
3 0
1 4 3 2 2 1
1 0
2 4 1 1 3 1
2 1 2
3 2 2 1
3 3 2 2 3
2 3 1 2 1
2 1 2
2 3 1 3 2
3 1 3
2 0
1 3 1 1 1
3 1 2
3 0
3 5
2 2 2
1 1 1
2 0
1 4 1 2 2 2
2 1 2
2 0
3 20
3 1 2
3 1 2
1 1 3
2 0
2 1 2
3 2 2 1
1 1 3
2 0
1 2 3 2
1 1 2
3 2 1 2
1 0
1 3 2 1 1
3 2 3 2
2 1 3
3 3 2 1 1
3 0
2 0
3 2 2 1
3 2 1 2
1 3 1 3 1
3 20
1 2 1
1 3 2 3 3
3 0
2 2 1 2
2 0
1 2 2 3
2 0
1 3 3 3 3
2 3 3 1 3
2 2 3 1
1 3 2 2 3
3 1 1
3 1 3
3 2 3 1
2 2 2 2
2 1 1
1 1 1
1 2 3 1
1 2 3 1
3 1 1
2 0
3 19
1 1 1
1 0
1 0
1 0
1 0
1 0
1 0
1 1 1
1 1 1
1 1 1
1 1 1
1 1 1
1 1 1
1 1 1
1 1 1
1 1 1
1 2 1 1
1 2 1 1
1 2 1 1
1 2 1 1
2 9
13 13
13 1 13
13 1 13
13 1 13
13 0
13 2 13 13
13 0
13 1 13
13 1 13
13 0
2 10
3 5
2 3 5 5 6
5 2 4 5
1 4 4 6 1 1
1 3 5 5 5
5 2 6 4
4 3 3 1 1
5 3 3 2 2
1 1 5
1 3 4 4 6
6 5 6 5 6 5 3
