Case #1: 33.33333 66.666664 
Case #2: 0.0 100.0 
Case #3: 25.0 25.0 25.0 25.0 
Case #4: 34.666668 26.666668 38.666668 
Case #5: 25.0 25.0 25.0 25.0 0.000000 25.0 25.0 25.0 
Case #6: 50.0 50.0 
Case #7: 11.511387 10.476191 10.890269 11.718427 11.511387 10.062112 10.476191 0.000000 12.132505 11.925467 
Case #8: 10.0 10.0 10.0 10.0 10.0 10.0 10.0 10.0 10.0 10.0 
Case #9: 2.2727273 13.863637 14.318182 13.863637 13.863637 14.318182 13.863637 13.636364 
Case #10: 10.045101 13.181633 13.181633 12.259124 12.81263 8.569087 7.646577 10.229603 12.074622 
Case #11: 47.272724 52.727272 
Case #12: 0.000000 28.57143 28.57143 28.57143 28.57143 0.000000 0.000000 
Case #13: 66.666664 33.33333 
Case #14: 9.90991 9.72973 10.6306305 9.549549 11.711712 9.3693695 9.189189 12.072072 9.72973 8.108108 
Case #15: 20.0 20.0 20.0 20.0 20.0 20.0 20.0 20.0 20.0 0.000000 
Case #16: 0.000000 19.67213 18.032787 5.5737705 11.147542 10.163935 8.5245905 19.67213 7.868853 0.9836063 
Case #17: 86.206894 13.793105 
Case #18: 16.666668 16.666668 16.666668 16.666668 16.666668 16.666668 
Case #19: 0.0 100.0 
Case #20: 21.889996 0.000000 0.000000 0.000000 21.889996 0.000000 22.222223 21.889996 21.889996 
